        [38;2;36;28;18m▄[0m[38;2;36;28;18m▄[0m[38;2;36;28;18m▄[0m[38;2;36;28;18m▄[0m[38;2;36;28;18m▄[0m[38;2;36;28;18m▄[0m[38;2;36;28;18m▄[0m[38;2;36;28;18m▄[0m[38;2;36;28;18m▄[0m[38;2;36;28;18m▄[0m        
      [38;2;36;28;18m▄[0m[38;2;36;28;18;48;2;36;28;18m▀[0m[38;2;36;28;18;48;2;36;28;18m▀[0m[38;2;36;28;18;48;2;36;28;18m▀[0m[38;2;36;28;18;48;2;36;28;18m▀[0m[38;2;36;28;18;48;2;36;28;18m▀[0m[38;2;36;28;18;48;2;36;28;18m▀[0m[38;2;36;28;18;48;2;36;28;18m▀[0m[38;2;36;28;18;48;2;36;28;18m▀[0m[38;2;36;28;18;48;2;36;28;18m▀[0m[38;2;36;28;18;48;2;36;28;18m▀[0m[38;2;36;28;18;48;2;36;28;18m▀[0m[38;2;36;28;18;48;2;36;28;18m▀[0m[38;2;36;28;18m▄[0m      
      [38;2;36;28;18;48;2;36;28;18m▀[0m[38;2;36;28;18;48;2;36;28;18m▀[0m[38;2;36;28;18;48;2;231;184;134m▀[0m[38;2;36;28;18;48;2;231;184;134m▀[0m[38;2;36;28;18;48;2;231;184;134m▀[0m[38;2;36;28;18;48;2;231;184;134m▀[0m[38;2;36;28;18;48;2;231;184;134m▀[0m[38;2;36;28;18;48;2;231;184;134m▀[0m[38;2;36;28;18;48;2;231;184;134m▀[0m[38;2;36;28;18;48;2;231;184;134m▀[0m[38;2;36;28;18;48;2;231;184;134m▀[0m[38;2;36;28;18;48;2;231;184;134m▀[0m[38;2;36;28;18;48;2;36;28;18m▀[0m[38;2;36;28;18;48;2;36;28;18m▀[0m      
      [38;2;36;28;18;48;2;36;28;18m▀[0m[38;2;231;184;134;48;2;36;28;18m▀[0m[38;2;231;184;134;48;2;36;28;18m▀[0m[38;2;231;184;134;48;2;36;28;18m▀[0m[38;2;231;184;134;48;2;36;28;18m▀[0m[38;2;231;184;134;48;2;231;184;134m▀[0m[38;2;231;184;134;48;2;231;184;134m▀[0m[38;2;231;184;134;48;2;231;184;134m▀[0m[38;2;231;184;134;48;2;231;184;134m▀[0m[38;2;231;184;134;48;2;36;28;18m▀[0m[38;2;231;184;134;48;2;36;28;18m▀[0m[38;2;231;184;134;48;2;36;28;18m▀[0m[38;2;231;184;134;48;2;36;28;18m▀[0m[38;2;36;28;18;48;2;36;28;18m▀[0m      
      [38;2;36;28;18;48;2;36;28;18m▀[0m[38;2;231;184;134;48;2;231;184;134m▀[0m[38;2;23;16;8;48;2;23;16;8m▀[0m[38;2;23;16;8;48;2;23;16;8m▀[0m[38;2;23;16;8;48;2;23;16;8m▀[0m[38;2;23;16;8;48;2;23;16;8m▀[0m[38;2;231;184;134;48;2;231;184;134m▀[0m[38;2;231;184;134;48;2;231;184;134m▀[0m[38;2;23;16;8;48;2;23;16;8m▀[0m[38;2;23;16;8;48;2;23;16;8m▀[0m[38;2;23;16;8;48;2;23;16;8m▀[0m[38;2;23;16;8;48;2;23;16;8m▀[0m[38;2;231;184;134;48;2;231;184;134m▀[0m[38;2;36;28;18;48;2;36;28;18m▀[0m      
      [38;2;36;28;18;48;2;36;28;18m▀[0m[38;2;231;184;134;48;2;231;184;134m▀[0m[38;2;207;148;95;48;2;207;148;95m▀[0m[38;2;246;242;234;48;2;207;148;95m▀[0m[38;2;20;13;7;48;2;207;148;95m▀[0m[38;2;231;184;134;48;2;207;148;95m▀[0m[38;2;231;184;134;48;2;207;148;95m▀[0m[38;2;20;13;7;48;2;207;148;95m▀[0m[38;2;246;242;234;48;2;207;148;95m▀[0m[38;2;207;148;95;48;2;207;148;95m▀[0m[38;2;207;148;95;48;2;207;148;95m▀[0m[38;2;36;28;18;48;2;207;148;95m▀[0m[38;2;231;184;134m▄[0m[38;2;36;28;18m▄[0m      
       [38;2;231;184;134;48;2;231;184;134m▀[0m[38;2;231;184;134;48;2;231;184;134m▀[0m[38;2;231;184;134;48;2;231;184;134m▀[0m[38;2;231;184;134;48;2;231;184;134m▀[0m[38;2;231;184;134;48;2;231;184;134m▀[0m[38;2;189;131;80;48;2;189;131;80m▀[0m[38;2;189;131;80;48;2;189;131;80m▀[0m[38;2;231;184;134;48;2;231;184;134m▀[0m[38;2;231;184;134;48;2;231;184;134m▀[0m[38;2;231;184;134;48;2;231;184;134m▀[0m[38;2;231;184;134;48;2;231;184;134m▀[0m[38;2;231;184;134;48;2;231;184;134m▀[0m       
       [38;2;231;184;134;48;2;231;184;134m▀[0m[38;2;231;184;134;48;2;23;16;8m▀[0m[38;2;231;184;134;48;2;23;16;8m▀[0m[38;2;231;184;134;48;2;23;16;8m▀[0m[38;2;231;184;134;48;2;23;16;8m▀[0m[38;2;231;184;134;48;2;23;16;8m▀[0m[38;2;231;184;134;48;2;23;16;8m▀[0m[38;2;231;184;134;48;2;23;16;8m▀[0m[38;2;231;184;134;48;2;23;16;8m▀[0m[38;2;231;184;134;48;2;23;16;8m▀[0m[38;2;231;184;134;48;2;23;16;8m▀[0m[38;2;231;184;134;48;2;231;184;134m▀[0m       
        [38;2;231;184;134m▀[0m[38;2;207;148;95;48;2;231;184;134m▀[0m[38;2;207;148;95;48;2;231;184;134m▀[0m[38;2;207;148;95;48;2;231;184;134m▀[0m[38;2;207;148;95;48;2;231;184;134m▀[0m[38;2;207;148;95;48;2;231;184;134m▀[0m[38;2;207;148;95;48;2;231;184;134m▀[0m[38;2;207;148;95;48;2;231;184;134m▀[0m[38;2;231;184;134m▀[0m         
     [38;2;63;125;78m▄[0m[38;2;63;125;78m▄[0m[38;2;63;125;78m▄[0m[38;2;207;148;95;48;2;63;125;78m▀[0m[38;2;207;148;95;48;2;63;125;78m▀[0m[38;2;231;184;134;48;2;231;184;134m▀[0m[38;2;231;184;134;48;2;231;184;134m▀[0m[38;2;231;184;134;48;2;231;184;134m▀[0m[38;2;231;184;134;48;2;231;184;134m▀[0m[38;2;207;148;95;48;2;63;125;78m▀[0m[38;2;207;148;95;48;2;63;125;78m▀[0m[38;2;63;125;78m▄[0m[38;2;63;125;78m▄[0m[38;2;63;125;78m▄[0m       
   [38;2;63;125;78m▄[0m[38;2;63;125;78;48;2;63;125;78m▀[0m[38;2;63;125;78;48;2;63;125;78m▀[0m[38;2;63;125;78;48;2;63;125;78m▀[0m[38;2;63;125;78;48;2;63;125;78m▀[0m[38;2;63;125;78;48;2;63;125;78m▀[0m[38;2;63;125;78;48;2;63;125;78m▀[0m[38;2;63;125;78;48;2;63;125;78m▀[0m[38;2;231;184;134;48;2;63;125;78m▀[0m[38;2;231;184;134;48;2;63;125;78m▀[0m[38;2;63;125;78;48;2;63;125;78m▀[0m[38;2;63;125;78;48;2;63;125;78m▀[0m[38;2;63;125;78;48;2;63;125;78m▀[0m[38;2;63;125;78;48;2;63;125;78m▀[0m[38;2;63;125;78;48;2;63;125;78m▀[0m[38;2;63;125;78;48;2;63;125;78m▀[0m[38;2;63;125;78;48;2;63;125;78m▀[0m  [38;2;230;52;42m▄[0m[38;2;230;52;42m▄[0m[38;2;184;35;27m▄[0m[38;2;230;52;42m▀[0m
  [38;2;63;125;78m▄[0m[38;2;63;125;78;48;2;63;125;78m▀[0m[38;2;63;125;78;48;2;63;125;78m▀[0m[38;2;63;125;78;48;2;63;125;78m▀[0m[38;2;63;125;78;48;2;63;125;78m▀[0m[38;2;63;125;78;48;2;63;125;78m▀[0m[38;2;63;125;78;48;2;63;125;78m▀[0m[38;2;63;125;78;48;2;63;125;78m▀[0m[38;2;63;125;78;48;2;63;125;78m▀[0m[38;2;63;125;78;48;2;63;125;78m▀[0m[38;2;63;125;78;48;2;63;125;78m▀[0m[38;2;63;125;78;48;2;63;125;78m▀[0m[38;2;63;125;78;48;2;63;125;78m▀[0m[38;2;63;125;78;48;2;63;125;78m▀[0m[38;2;63;125;78;48;2;231;184;134m▀[0m[38;2;63;125;78;48;2;231;184;134m▀[0m[38;2;63;125;78;48;2;189;131;80m▀[0m[38;2;63;125;78;48;2;184;35;27m▀[0m[38;2;230;52;42;48;2;184;35;27m▀[0m[38;2;230;52;42m▀[0m[38;2;184;35;27m▀[0m   
 [38;2;63;125;78m▄[0m[38;2;63;125;78;48;2;63;125;78m▀[0m[38;2;63;125;78;48;2;63;125;78m▀[0m[38;2;63;125;78;48;2;63;125;78m▀[0m[38;2;63;125;78;48;2;63;125;78m▀[0m[38;2;63;125;78;48;2;63;125;78m▀[0m[38;2;63;125;78;48;2;63;125;78m▀[0m[38;2;63;125;78;48;2;63;125;78m▀[0m[38;2;63;125;78;48;2;63;125;78m▀[0m[38;2;63;125;78;48;2;63;125;78m▀[0m[38;2;63;125;78;48;2;63;125;78m▀[0m[38;2;63;125;78;48;2;63;125;78m▀[0m[38;2;63;125;78;48;2;63;125;78m▀[0m[38;2;63;125;78;48;2;63;125;78m▀[0m[38;2;63;125;78;48;2;63;125;78m▀[0m[38;2;231;184;134;48;2;63;125;78m▀[0m[38;2;207;148;95;48;2;63;125;78m▀[0m[38;2;207;148;95;48;2;63;125;78m▀[0m[38;2;63;125;78;48;2;63;125;78m▀[0m[38;2;63;125;78;48;2;63;125;78m▀[0m[38;2;63;125;78m▄[0m    
 [38;2;63;125;78m▀[0m[38;2;63;125;78m▀[0m[38;2;63;125;78m▀[0m[38;2;63;125;78m▀[0m[38;2;63;125;78m▀[0m[38;2;63;125;78m▀[0m[38;2;63;125;78m▀[0m[38;2;63;125;78m▀[0m[38;2;63;125;78m▀[0m[38;2;63;125;78m▀[0m[38;2;63;125;78m▀[0m[38;2;63;125;78m▀[0m[38;2;63;125;78m▀[0m[38;2;63;125;78m▀[0m[38;2;63;125;78m▀[0m[38;2;63;125;78m▀[0m[38;2;63;125;78m▀[0m[38;2;63;125;78m▀[0m[38;2;63;125;78m▀[0m[38;2;63;125;78m▀[0m[38;2;63;125;78m▀[0m    